6
11
2
0
1
10
9
124
0
1
24
2
49
3
8
1
1
1
3
2
1
15
2
5
18
0
7
17
1
1
14
4
0
44
2
20
1
4
0
82
1
1
1
12
97
5
6
29
1
1
16
7
53
63
1
21
8
1
23
9
1
10
1
0
0
1
0
40
27
106
11
1
0
37
1
35
98
12
1
9
1
8
4
1
0
12
1
7
0
1
1
0
13
13
1
0
45
0
0
1
7
115
5
36
0
1
25
0
12
30
14
1
11
3
1
87
1
7
7
12
15
12
16
17
22
46
1
86
15
2
68
1
1
6
0
1
1
0
119
8
18
1
9
0
84
16
19
1
19
26
1
0
5
32
16
0
1
18
51
51
15
0
0
0
11
20
1
48
11
12
21
19
0
58
73
9
1
22
23
7
0
3
1
1
3
1
12
1
20
24
0
60
1
1
0
12
11
15
2
7
25
34
26
1
1
7
0
0
16
11
8
33
2
1
27
27
8
1
7
18
1
9
1
13
1
1
2
5
1
7
5
1
1
2
1
28
12
1
1
1
1
1
28
7
7
1
1
12
11
7
9
29
38
11
24
39
0
7
7
31
1
117
1
10
0
1
1
11
2
10
2
4
0
30
9
85
8
1
12
1
31
12
0
1
18
10
1
1
32
42
12
33
1
1
67
34
1
1
1
52
1
0
0
35
0
36
0
1
0
83
30
1
11
1
10
41
3
7
1
1
13
30
1
1
59
15
1
1
1
5
0
1
54
62
37
38
25
13
4
43
27
11
15
9
1
1
38
7
39
34
5
1
29
40
1
1
41
12
4
15
0
42
1
10
4
47
1
30
10
3
32
0
1
12
1
5
1
0
1
34
43
1
1
0
7
0
12
27
27
44
30
1
9
103
0
0
9
11
45
9
38
24
12
9
46
46
32
2
1
12
50
1
0
0
47
92
18
10
0
20
1
5
15
48
1
0
1
1
49
1
1
1
45
45
41
1
41
50
0
1
39
11
51
0
0
46
1
1
5
11
1
0
1
11
0
1
0
52
1
1
34
41
2
1
1
1
0
1
1
1
1
46
1
1
0
1
3
1
1
1
1
0
1
1
1
2
1
0
1
1
1
57
0
53
5
1
1
1
49
1
2
1
1
1
1
0
30
2
7
1
4
1
1
1
1
10
1
34
1
0
54
1
1
1
45
1
10
1
2
1
28
1
1
11
13
1
1
5
15
34
1
1
116
1
1
1
55
1
27
1
1
12
1
5
1
1
2
1
46
7
55
1
1
7
1
1
1
12
1
1
110
22
0
7
1
1
15
1
1
1
1
12
15
1
1
1
1
1
1
1
1
1
1
0
1
27
0
12
8
36
1
1
56
49
27
2
7
34
2
77
12
65
1
1
46
7
1
1
1
8
18
18
2
56
1
23
1
1
1
0
8
1
1
1
1
1
1
1
1
1
0
7
1
0
8
4
10
1
7
1
0
1
12
1
1
5
11
43
45
38
1
10
2
1
1
11
12
11
38
12
78
10
1
0
36
1
0
1
8
8
1
0
10
1
7
1
0
1
22
5
15
16
0
75
1
1
1
0
0
30
1
5
15
18
7
1
94
1
1
0
0
1
1
1
1
13
1
1
1
1
61
8
1
1
0
1
1
0
57
1
1
1
58
59
1
1
1
15
11
57
1
1
2
1
8
12
5
0
5
1
3
0
1
14
1
13
1
1
1
1
41
74
12
1
27
26
12
38
5
60
59
15
30
12
7
1
12
1
0
29
1
49
61
49
30
2
1
10
1
58
8
0
1
1
64
0
41
15
22
49
2
62
63
0
12
0
7
1
19
41
18
16
41
52
5
2
18
16
32
11
70
64
0
38
15
52
1
24
7
19
10
5
1
30
1
8
1
1
46
1
10
1
0
1
8
45
1
7
1
10
1
7
1
0
1
46
1
1
1
0
1
1
60
1
2
1
0
1
5
1
1
69
1
2
1
7
2
7
0
119
39
46
1
1
7
1
34
1
13
1
1
27
1
1
13
1
0
1
1
1
8
46
1
1
27
1
27
1
1
66
1
12
1
5
4
39
34
1
1
45
23
7
10
65
66
12
18
25
30
15
49
1
67
1
12
68
18
1
15
44
18
69
2
1
27
12
10
32
7
0
7
39
12
7
2
20
1
11
1
0
13
30
76
1
11
0
27
5
4
65
72
64
10
1
1
53
1
1
1
70
5
16
1
13
1
15
1
18
1
18
5
1
18
71
19
5
30
13
32
53
2
1
0
79
2
1
1
1
38
2
15
53
1
1
12
6
7
2
39
116
11
31
1
1
8
29
12
10
8
90
1
15
70
7
34
0
7
5
12
34
15
22
40
1
1
1
0
0
1
2
1
30
9
1
1
9
15
1
1
48
12
13
42
1
2
1
1
1
2
1
1
1
1
7
12
1
45
118
0
2
1
71
72
7
1
71
1
4
8
1
1
15
1
1
11
49
1
1
1
1
1
7
1
0
1
8
2
1
1
0
1
30
1
1
1
12
12
0
1
1
52
60
1
36
1
1
25
5
1
1
1
89
24
31
1
1
0
50
1
8
4
0
73
0
67
1
2
1
1
30
19
1
45
1
2
1
27
1
1
0
1
74
0
1
0
10
16
10
0
27
1
0
5
25
16
1
1
1
40
57
9
53
18
24
40
0
12
62
1
50
18
5
0
1
8
29
7
88
0
22
7
1
12
12
15
42
70
45
9
1
1
12
1
40
0
21
12
30
62
18
4
34
12
30
27
12
0
41
13
29
1
4
1
7
5
42
62
11
0
1
1
33
93
48
18
0
42
9
49
49
1
13
89
1
60
96
7
31
88
1
7
0
9
11
7
1
1
0
75
1
1
1
1
1
0
7
80
7
0
1
1
1
7
1
0
1
2
1
27
0
1
1
1
16
1
12
1
1
0
0
1
1
1
1
1
1
1
0
0
1
1
32
33
1
1
1
10
7
46
2
3
1
10
7
49
30
2
12
1
0
9
1
9
18
1
1
1
1
1
1
0
16
76
7
25
30
1
123
45
10
45
1
1
0
1
10
1
0
7
41
38
0
48
1
1
18
9
81
45
2
13
7
18
4
8
38
25
72
18
27
38
2
10
12
12
15
1
30
1
1
19
5
1
11
42
43
0
4
18
12
2
38
0
8
5
1
38
0
9
30
59
70
40
31
2
102
0
67
25
19
33
62
0
11
1
1
13
0
25
1
11
34
25
1
1
59
12
16
38
15
2
7
1
10
3
7
1
7
10
12
0
0
0
16
1
1
1
1
77
45
95
1
1
1
79
12
1
5
1
1
7
4
1
1
1
1
1
5
1
7
0
11
1
1
1
1
0
78
13
46
79
0
52
1
1
10
1
1
1
1
1
1
1
13
4
65
8
79
1
1
0
78
3
1
78
30
1
12
1
30
10
0
27
23
1
1
1
80
7
81
18
1
7
1
1
10
2
7
0
78
78
1
7
1
1
2
1
82
13
1
1
39
7
38
0
83
1
0
7
1
15
1
27
10
2
40
58
16
1
0
46
4
10
49
0
1
60
15
1
1
16
39
30
57
1
19
1
52
18
1
5
1
12
65
72
16
1
12
74
127
53
84
1
29
32
60
12
85
11
1
0
1
7
11
0
1
13
5
0
5
7
0
38
27
1
13
48
0
48
0
2
25
0
10
1
1
27
27
12
5
24
1
11
13
1
1
7
1
12
7
34
1
27
27
0
45
1
13
1
1
1
1
2
99
7
7
1
1
1
0
12
0
0
1
12
0
8
7
1
1
86
1
1
0
1
1
1
13
1
1
87
7
19
38
29
7
53
25
12
53
12
1
1
25
1
78
10
88
15
0
1
39
1
7
25
4
39
53
1
8
4
10
7
67
30
12
1
0
1
19
15
7
1
0
2
1
38
12
1
0
29
40
36
39
67
1
0
3
46
13
12
39
29
30
32
16
30
11
91
11
89
11
1
18
16
52
1
12
2
7
0
114
0
15
34
1
31
0
1
15
7
1
1
1
2
1
1
1
7
1
1
1
90
1
0
7
1
68
34
0
7
1
31
0
1
0
1
1
58
1
5
12
1
0
49
45
1
0
0
30
3
1
44
12
7
1
1
2
1
1
1
1
1
2
1
1
126
7
0
34
1
1
1
4
0
1
1
1
0
15
0
1
3
1
0
0
12
1
11
46
0
1
12
1
2
64
10
11
22
48
1
57
32
53
1
1
1
1
30
13
1
49
34
91
64
1
1
49
36
16
15
12
0
2
18
34
8
45
13
1
27
34
7
27
0
25
1
1
1
1
4
25
74
3
25
12
92
93
72
41
94
70
12
24
1
1
61
6
1
11
5
95
41
23
5
58
72
0
59
12
25
85
24
8
29
20
3
1
1
69
39
7
7
32
21
53
41
5
27
96
38
15
120
79
40
1
38
1
70
27
0
9
1
1
7
78
9
57
48
1
1
1
4
1
9
13
30
7
18
1
1
1
1
1
0
0
12
45
27
10
30
1
2
20
1
1
1
1
1
1
1
1
1
1
65
1
1
0
0
1
1
0
1
7
1
0
1
0
1
0
1
1
0
0
1
1
12
2
0
1
1
0
1
1
0
1
1
27
0
1
1
1
1
1
1
0
1
12
1
9
1
27
1
1
0
1
0
1
7
1
1
0
3
18
3
1
1
15
25
53
3
1
1
0
5
18
59
1
64
20
1
1
1
8
5
1
1
0
19
1
1
40
1
84
15
19
1
108
2
4
10
1
1
5
7
1
1
1
1
1
7
76
67
34
1
70
31
73
15
48
5
43
104
31
18
28
1
39
1
3
13
63
0
30
0
70
41
8
59
11
21
16
16
41
97
5
0
42
45
50
15
10
98
119
0
64
1
38
8
31
30
15
70
1
1
61
12
7
1
1
1
1
112
2
10
0
1
13
9
1
99
1
1
25
1
12
100
1
1
1
25
26
1
1
65
1
1
1
51
12
1
9
1
0
3
2
8
10
9
1
53
0
9
15
1
0
27
5
19
25
16
18
1
1
1
1
25
5
12
1
38
8
10
30
13
0
16
7
7
30
27
1
49
1
3
0
30
38
7
10
19
5
4
84
101
17
7
76
0
40
30
63
37
1
42
1
48
49
1
6
29
100
4
101
44
67
29
38
12
58
92
27
36
12
39
13
96
12
2
10
49
12
19
1
1
113
0
34
9
2
1
1
0
1
2
49
1
0
0
2
18
1
0
0
0
48
1
9
1
1
0
1
1
12
1
1
5
7
46
11
1
1
0
1
9
0
1
2
46
7
1
12
1
12
0
1
1
1
1
1
27
5
0
0
1
15
13
1
1
1
10
10
1
1
1
0
1
49
0
2
13
102
1
34
1
3
3
18
12
0
2
31
4
49
22
20
1
1
18
24
19
1
9
0
1
15
0
0
18
64
5
15
9
1
19
5
12
1
9
18
1
2
33
74
5
72
5
30
25
40
45
57
19
8
11
1
1
1
64
37
7
18
29
8
44
1
9
5
12
12
23
45
58
1
40
7
8
30
25
30
11
68
15
12
11
57
5
1
38
2
10
1
38
1
27
1
21
45
1
1
1
123
1
1
1
0
10
1
1
22
7
0
15
0
1
7
0
13
57
105
0
7
1
52
2
2
1
10
25
53
107
1
67
74
2
0
1
1
1
12
1
84
64
0
1
1
1
1
10
0
22
103
1
8
18
1
27
5
34
1
0
3
12
6
2
1
0
63
36
39
1
8
1
34
1
1
0
34
7
12
111
63
30
85
1
30
104
63
90
5
74
53
12
1
87
96
11
11
1
37
45
52
38
11
28
104
1
11
7
49
1
79
10
68
9
1
0
1
1
2
1
1
1
7
12
1
1
31
1
1
1
49
56
0
12
39
25
65
8
1
1
16
1
1
1
1
0
16
12
10
57
1
1
23
0
12
1
5
9
0
1
11
1
1
1
0
33
5
7
1
1
34
18
1
1
0
30
18
49
49
1
1
0
45
5
1
0
8
12
67
1
0
24
5
15
88
29
16
96
0
1
1
1
1
15
121
31
53
15
25
1
22
12
54
16
27
2
1
1
48
8
53
5
24
11
105
85
1
40
11
0
11
7
1
97
1
16
46
11
53
63
8
10
3
78
0
34
0
33
106
1
1
0
0
1
1
4
5
12
0
0
13
1
0
1
5
87
0
1
18
1
31
10
0
34
107
0
2
1
0
30
32
1
1
12
27
2
1
8
1
1
1
7
11
2
1
25
36
9
10
16
1
0
2
108
72
64
11
15
18
105
0
1
0
30
41
1
0
87
34
1
1
15
25
2
1
0
65
0
45
7
64
0
18
4
12
1
65
7
1
11
0
13
1
2
3
3
20
12
58
7
20
3
10
25
1
0
65
7
1
0
67
3
11
31
36
1
43
11
1
1
15
0
1
1
2
0
0
5
1
1
15
5
4
2
1
10
10
12
0
13
8
1
11
70
1
74
57
1
1
75
1
8
2
1
18
1
1
2
1
38
0
1
29
10
1
0
30
1
1
11
0
3
9
1
43
1
1
48
16
0
29
1
2
1
49
15
1
109
12
18
48
0
1
2
0
0
1
64
10
67
2
15
5
10
87
9
8
2
64
84
1
37
7
11
10
12
15
0
1
90
13
32
20
1
30
8
49
1
12
0
1
5
49
9
5
32
25
1
33
13
39
29
41
90
32
0
3
1
97
64
0
15
11
39
63
16
30
0
1
70
0
11
1
1
18
1
1
58
0
1
5
1
1
0
36
30
1
65
1
1
7
1
1
11
0
38
30
0
7
36
5
1
24
12
27
0
49
5
1
57
45
4
0
33
1
1
1
1
1
3
1
8
11
1
62
4
7
27
53
5
10
1
9
109
57
40
7
7
0
5
21
15
9
15
1
7
1
2
7
12
4
11
90
13
27
1
1
30
24
45
58
32
23
3
67
3
44
1
5
1
18
0
5
15
16
52
39
104
62
12
1
15
62
7
30
11
1
1
4
1
4
69
60
87
19
29
63
90
72
44
3
1
13
5
0
0
13
45
30
1
15
22
76
50
7
7
13
4
5
1
1
0
93
24
5
0
1
68
2
9
1
1
2
1
1
1
48
49
7
0
0
2
12
8
27
1
9
3
0
6
1
0
5
49
62
1
1
5
1
0
24
25
103
18
9
0
8
70
27
32
15
15
22
22
24
25
20
38
110
11
36
0
30
72
40
0
111
83
38
38
85
29
25
30
12
49
31
18
15
1
23
19
97
16
33
58
21
49
64
78
63
16
59
1
64
30
24
1
18
1
3
12
84
38
29
12
7
4
33
13
0
1
1
8
41
90
5
26
38
58
7
25
0
1
76
38
61
12
32
41
12
46
15
1
53
1
3
10
1
49
11
1
12
1
7
1
3
25
7
1
1
2
1
13
10
12
0
1
1
60
18
1
0
3
1
1
1
1
1
2
1
18
34
1
4
12
13
0
9
1
11
1
112
113
0
20
114
64
38
15
9
32
1
1
5
61
9
18
1
40
84
70
2
1
115
116
49
42
82
26
25
0
20
11
104
16
8
2
34
2
1
70
18
20
30
8
5
76
16
11
9
1
30
52
1
84
1
1
0
78
45
6
48
3
12
20
7
1
11
48
12
41
0
5
29
1
12
1
9
42
5
58
114
1
15
1
1
9
49
0
1
1
0
0
31
1
70
0
12
27
13
1
1
2
24
1
15
45
1
1
53
64
10
0
0
9
1
1
1
45
28
2
8
49
105
15
0
61
78
0
65
0
69
85
39
8
87
110
107
1
48
1
5
58
3
5
9
7
38
0
30
13
64
8
5
36
64
9
7
2
52
1
34
25
13
96
11
90
87
41
8
18
2
7
40
0
0
1
1
1
1
1
1
65
1
1
0
1
1
10
1
1
59
0
12
1
1
22
0
4
45
12
117
13
1
23
1
45
1
15
0
2
67
7
15
78
4
0
13
1
7
1
1
0
27
19
0
10
12
1
1
1
1
0
1
9
1
0
0
1
1
1
1
1
2
0
1
25
1
41
13
1
25
0
1
2
1
0
1
34
0
103
78
25
53
8
30
39
2
2
36
1
16
5
100
0
20
2
13
3
29
87
0
0
5
0
65
24
1
1
18
8
25
16
21
2
1
0
5
12
5
58
71
1
19
5
4
1
72
32
87
1
118
49
25
1
7
9
11
0
1
1
1
7
1
43
49
10
1
13
10
53
1
1
1
7
29
12
119
0
72
2
10
2
0
1
18
1
0
13
1
1
4
1
1
1
22
1
1
27
0
7
10
1
8
1
0
10
18
9
1
67
1
1
1
1
90
0
9
5
18
12
4
0
11
48
49
0
0
1
24
18
30
5
27
15
1
34
49
1
7
9
2
28
1
34
27
24
0
0
67
57
104
11
41
30
15
16
11
9
88
1
69
23
11
103
1
9
1
39
24
36
19
31
119
1
40
1
38
1
11
10
10
0
1
1
65
11
22
15
7
6
1
19
1
5
8
1
120
13
87
40
0
1
61
1
1
12
1
1
7
8
1
7
24
9
12
1
3
15
5
15
1
1
48
19
1
101
1
90
7
4
1
1
15
2
1
0
7
1
0
0
0
36
4
1
49
1
1
1
7
1
7
1
18
1
1
1
1
1
1
1
1
1
0
7
25
102
30
19
16
3
11
39
15
7
25
0
15
1
7
53
72
1
1
38
1
1
2
12
57
31
16
107
1
36
106
1
39
18
13
5
0
0
7
1
41
1
60
25
0
1
1
1
49
12
1
2
41
0
48
4
1
0
2
0
18
32
1
13
10
0
0
1
34
14
53
2
27
3
1
34
0
29
0
30
0
25
29
1
52
70
0
1
5
7
0
39
27
12
25
8
5
1
5
1
0
1
7
1
18
11
1
10
1
1
1
15
7
1
10
5
18
1
1
52
48
39
10
0
0
1
16
9
1
1
50
11
1
1
125
7
1
1
22
27
4
4
23
4
45
9
115
0
0
16
18
2
7
11
3
31
15
1
49
1
0
19
25
19
5
19
29
18
32
1
12
12
18
103
38
1
9
30
25
1
1
21
103
18
19
29
90
105
5
25
21
29
0
56
1
32
29
7
1
78
1
34
13
1
5
1
1
1
12
1
1
2
49
13
30
1
7
7
3
13
0
12
22
7
7
40
73
52
38
1
0
2
1
13
1
3
11
1
67
0
1
34
25
45
1
1
1
1
15
67
58
29
13
5
1
0
10
1
1
1
1
11
7
1
2
1
4
12
0
1
1
8
10
29
0
10
12
4
1
1
1
8
29
3
1
1
1
107
1
50
19
18
53
12
13
97
0
88
15
19
49
4
2
11
101
12
58
113
37
15
90
18
1
122
11
52
10
39
46
121
10
0
96
33
51
17
5
12
85
42
121
1
1
0
42
1
99
0
14
46
0
3
11
1
11
1
122
0
1
41
71
2
49
8
9
17
2
13
1
84
70
1
25
25
0
64
2
2
11
18
0
41
75
1
44
50
0
1
1
0
1
48
103
1
1
34
34
1
1
7
5
18
38
1
1
29
18
11
1
45
29
8
49
8
1
1
25
15
1
18
0
1
10
3
64
1
22
1
1
123
27
40
5
12
29
12
2
15
89
23
9
0
1
0
1
1
30
34
1
10
8
13
1
9
0
87
49
119
2
2
1
1
0
1
41
1
10
30
30
67
1
0
27
1
25
18
9
1
1
1
1
0
25
13
1
1
1
12
33
0
102
16
3
9
61
9
1
48
1
24
30
1
1
1
5
1
7
1
0
5
45
9
9
10
2
1
34
1
15
1
2
10
7
1
5
1
1
19
25
30
38
1
8
0
0
10
124
65
1
7
125
126
123
15
1
41
15
4
15
1
11
1
2
1
7
64
1
62
25
1
64
1
36
0
124
0
3
1
5
48
106
12
0
90
74
0
1
1
1
8
12
7
10
0
12
7
12
27
0
70
19
61
5
46
15
63
1
9
12
0
45
4
11
5
67
92
1
70
82
24
36
5
0
0
1
39
24
0
1
64
101
107
19
8
1
12
1
36
38
1
49
30
9
49
59
16
27
0
1
12
19
13
44
18
0
1
25
13
4
1
27
27
12
40
12
1
1
84
45
65
3
13
39
63
11
1
1
45
7
61
0
19
99
2
30
15
33
1
9
15
0
1
1
1
78
1
10
2
1
12
1
3
90
30
56
11
36
1
1
3
1
8
21
0
49
1
12
49
1
104
44
36
1
1
0
84
88
18
8
3
12
8
45
1
11
30
1
1
0
127
7
0
64
0
37
2
49
1
2
89
3
1
15
1
5
59
11
1
0
0
1
13
12
53
28
1
19
1
41
16
45
49
15
62
2
0
58
0
2
22
19
76
18
9
1
23
41
24
0
10
74
1
30
1
102
1
1
5
4
1
101
96
124
75
46
46
0
1
7
79
46
80
121
0
0
8
46
1
1
25
1
0
7
1
1
1
1
1
